0.000000	0.00001
0.300000	0.289114
0.600000	0.591687
0.900000	0.900916
1.200000	1.191928
1.500000	1.486949
1.800000	1.7988
2.100000	2.095971
2.400000	2.386196
2.700000	2.694469
3.000000	3.000966
3.300000	3.288711
3.600000	3.590535
3.900000	3.899831
4.200000	4.192365
4.500000	4.487318
4.800000	4.798379
5.100000	5.0964
5.400000	5.387851
5.700000	5.696004
6.000000	6.001399
6.300000	6.290842
6.600000	6.593359
6.900000	6.90306
7.200000	7.195671
7.500000	7.48994
7.800000	7.802209
8.100000	8.100242
8.400000	8.389742
8.700000	8.700124
9.000000	9.001972
9.300000	9.292164
9.600000	9.596289
9.900000	9.901524
10.200000	10.196524
10.500000	10.492595
10.800000	10.799818
11.100000	11.102255
11.400000	11.391471
11.700000	11.699612
12.000000	12.004938
12.300000	12.293717
12.600000	12.596477
12.900000	12.901998
13.200000	13.197502
13.500000	13.493137
13.800000	13.800042
14.100000	14.103591
14.400000	14.39395
14.700000	14.69981
15.000000	15.00444
15.300000	15.295697
15.600000	15.598437
15.900000	15.903052
16.200000	16.199775
16.500000	16.495219
16.800000	16.801161
17.100000	17.105256
17.400000	17.395296
17.700000	17.699921
18.000000	18.002849
18.300000	18.296932
18.600000	18.597765
18.900000	18.899909
19.200000	19.201592
19.500000	19.494462
19.800000	19.799685
20.100000	20.105535
20.400000	20.394955
20.700000	20.699212
21.000000	21.003858
21.300000	21.296997
21.600000	21.598856
21.900000	21.900615
22.200000	22.202662
22.500000	22.49662
22.800000	22.798639
23.100000	23.107452
23.400000	23.396377
23.700000	23.699014
24.000000	24.003772
24.300000	24.298502
24.600000	24.602788
24.900000	24.901841
25.200000	25.204143
25.500000	25.499914
25.800000	25.800437
26.100000	26.110729
26.400000	26.399724
26.700000	26.700705
27.000000	27.005816
27.300000	27.301862
27.600000	27.60232
27.900000	27.90205
28.200000	28.206009
28.500000	28.501676
28.800000	28.801332
29.100000	29.109048
29.400000	29.401613
29.700000	29.703706
30.000000	30.005946
30.300000	30.305367
30.600000	30.604676
30.900000	30.90275
31.200000	31.211567
31.500000	31.504298
31.800000	31.802884
32.100000	32.114268
32.400000	32.404875
32.700000	32.706155
33.000000	33.010143
33.300000	33.307937
33.600000	33.608812
33.900000	33.905511
34.200000	34.213358
34.500000	34.507797
34.800000	34.803832
35.100000	35.117384
35.400000	35.408118
35.700000	35.706225
36.000000	36.010584
36.300000	36.309634
36.600000	36.609997
36.900000	36.90526
37.200000	37.214942
37.500000	37.50922
37.800000	37.804719
38.100000	38.116108
38.400000	38.409398
38.700000	38.706557
39.000000	39.011284
39.300000	39.314282
39.600000	39.610378
39.900000	39.907581
40.200000	40.219117
40.500000	40.511255
40.800000	40.80774
41.100000	41.117828
41.400000	41.410298
41.700000	41.709407
42.000000	42.011083
42.300000	42.313542
42.600000	42.610442
42.900000	42.90557
43.200000	43.220474
43.500000	43.511452
43.800000	43.806395
44.100000	44.119658
44.400000	44.410516
44.700000	44.708645
45.000000	45.010414
45.300000	45.313532
45.600000	45.610469
45.900000	45.90453
46.200000	46.219779
46.500000	46.513611
46.800000	46.805636
47.100000	47.120159
47.400000	47.414523
47.700000	47.707969
48.000000	48.012845
48.300000	48.318263
48.600000	48.611591
48.900000	48.909212
49.200000	49.224575
49.500000	49.514969
49.800000	49.809686
50.100000	50.11785
50.400000	50.414923
50.700000	50.710966
51.000000	51.010408
51.300000	51.317948
51.600000	51.614289
51.900000	51.908056
52.200000	52.226961
52.500000	52.517228
52.800000	52.80993
53.100000	53.121229
53.400000	53.418413
53.700000	53.713401
54.000000	54.013575
54.300000	54.321952
54.600000	54.619113
54.900000	54.910278
55.200000	55.227731
55.500000	55.520743
55.800000	55.812202
56.100000	56.123353
56.400000	56.422626
56.700000	56.714363
57.000000	57.0169
57.300000	57.327517
57.600000	57.620965
57.900000	57.91585
58.200000	58.23242
58.500000	58.525398
58.800000	58.817087
59.100000	59.123871
59.400000	59.425507
59.700000	59.720106
60.000000	60.01611
60.300000	60.330027
60.600000	60.623506
60.900000	60.915168
61.200000	61.235972
61.500000	61.526936
61.800000	61.817985
62.100000	62.12681
62.400000	62.428382
62.700000	62.722707
63.000000	63.019727
63.300000	63.333175
63.600000	63.627596
63.900000	63.918613
64.200000	64.23612
64.500000	64.529457
64.800000	64.820007
65.100000	65.130135
65.400000	65.432176
65.700000	65.724516
66.000000	66.025327
66.300000	66.337661
66.600000	66.630838
66.900000	66.922538
67.200000	67.238595
67.500000	67.53321
67.800000	67.82423
68.100000	68.129667
68.400000	68.433582
68.700000	68.72673
69.000000	69.023508
69.300000	69.338321
69.600000	69.630759
69.900000	69.923303
70.200000	70.243146
70.500000	70.533381
70.800000	70.825721
71.100000	71.131521
71.400000	71.435998
71.700000	71.730449
72.000000	72.024729
72.300000	72.341064
72.600000	72.635012
72.900000	72.924045
73.200000	73.24247
73.500000	73.53773
73.800000	73.827089
74.100000	74.135465
74.400000	74.440097
74.700000	74.730976
75.000000	75.030658
75.300000	75.346141
75.600000	75.636706
75.900000	75.928372
76.200000	76.244693
76.500000	76.540796
76.800000	76.830421
77.100000	77.135082
77.400000	77.441354
77.700000	77.733421
78.000000	78.029099
78.300000	78.345855
78.600000	78.636992
78.900000	78.928836
79.200000	79.248085
79.500000	79.542059
79.800000	79.83143
80.100000	80.137293
80.400000	80.444276
80.700000	80.736464
81.000000	81.029989
81.300000	81.348418
81.600000	81.64048
81.900000	81.929493
82.200000	82.247333
82.500000	82.542655
82.800000	82.832282
83.100000	83.143032
83.400000	83.447153
83.700000	83.738495
84.000000	84.036966
84.300000	84.352812
84.600000	84.644266
84.900000	84.934927
85.200000	85.250319
85.500000	85.546352
85.800000	85.836579
86.100000	86.144018
86.400000	86.450287
86.700000	86.742276
87.000000	87.038102
87.300000	87.355029
87.600000	87.644278
87.900000	87.936531
88.200000	88.253324
88.500000	88.548486
88.800000	88.837969
89.100000	89.146551
89.400000	89.453163
89.700000	89.74338
90.000000	90.039726
90.300000	90.358686
90.600000	90.646825
90.900000	90.938539
91.200000	91.255588
91.500000	91.553001
91.800000	91.841154
92.100000	92.146655
92.400000	92.455559
92.700000	92.747124
93.000000	93.041095
93.300000	93.360157
93.600000	93.649649
93.900000	93.940215
94.200000	94.25886
94.500000	94.553834
94.800000	94.844336
95.100000	95.149656
95.400000	95.458346
95.700000	95.750148
96.000000	96.042624
96.300000	96.362072
96.600000	96.650622
96.900000	96.941807
97.200000	97.260579
97.500000	97.554939
97.800000	97.844985
98.100000	98.151736
98.400000	98.458555
98.700000	98.751322
99.000000	99.044216
99.300000	99.359205
99.600000	99.654251
99.900000	99.943787
100.200000	100.260536
100.500000	100.555626
100.800000	100.846498
101.100000	101.152755
101.400000	101.45867
101.700000	101.752054
102.000000	102.04791
102.300000	102.364052
102.600000	102.654085
102.900000	102.946639
103.200000	103.259325
103.500000	103.553573
103.800000	103.848059
104.100000	104.150252
104.400000	104.458159
104.700000	104.751468
105.000000	105.046788
105.300000	105.360805
105.600000	105.653881
105.900000	105.945868
106.200000	106.256958
106.500000	106.553798
106.800000	106.848176
107.100000	107.150124
107.400000	107.453327
107.700000	107.750552
108.000000	108.044865
108.300000	108.355491
108.600000	108.65168
108.900000	108.945899
109.200000	109.253525
109.500000	109.552124
109.800000	109.846057
110.100000	110.149419
110.400000	110.445082
110.700000	110.750833
111.000000	111.046028
111.300000	111.356327
111.600000	111.654677
111.900000	111.948635
112.200000	112.257689
112.500000	112.55258
112.800000	112.850828
113.100000	113.151948
113.400000	113.447837
113.700000	113.750527
114.000000	114.047678
114.300000	114.355129
114.600000	114.654061
114.900000	114.949887
115.200000	115.25577
115.500000	115.553137
115.800000	115.849699
116.100000	116.148713
116.400000	116.445744
116.700000	116.746698
117.000000	117.04561
117.300000	117.344267
117.600000	117.646131
117.900000	117.946323
118.200000	118.246037
118.500000	118.544657
118.800000	118.84808
119.100000	119.146308
119.400000	119.445437
119.700000	119.748224
120.000000	120.049678
120.300000	120.350555
120.600000	120.650606
120.900000	120.951837
121.200000	121.251126
121.500000	121.546793
121.800000	121.849929
122.100000	122.146456
122.400000	122.441937
122.700000	122.747444
123.000000	123.048975
123.300000	123.342485
123.600000	123.646663
123.900000	123.949963
124.200000	124.244648
124.500000	124.544631
124.800000	124.84924
125.100000	125.148886
125.400000	125.446337
125.700000	125.746706
126.000000	126.051472
126.300000	126.340625
126.600000	126.643764
126.900000	126.951296
127.200000	127.23506
127.500000	127.540568
127.800000	127.849564
128.100000	128.149336
128.400000	128.444398
128.700000	128.750908
129.000000	129.055098
129.300000	129.344622
129.600000	129.649862
129.900000	129.954977
130.200000	130.240901
130.500000	130.544427
130.800000	130.853493
131.100000	131.150508
131.400000	131.444521
131.700000	131.752322
132.000000	132.053945
132.300000	132.338688
132.600000	132.649359
132.900000	132.954818
133.200000	133.242208
133.500000	133.543506
133.800000	133.851024
134.100000	134.149603
134.400000	134.441795
134.700000	134.753388
135.000000	135.057138
135.300000	135.342431
135.600000	135.65144
135.900000	135.958021
136.200000	136.24173
136.500000	136.546772
136.800000	136.854455
137.100000	137.149515
137.400000	137.43957
137.700000	137.750479
138.000000	138.057479
138.300000	138.341961
138.600000	138.650014
138.900000	138.959303
139.200000	139.245276
139.500000	139.548666
139.800000	139.857487
140.100000	140.151385
140.400000	140.444925
140.700000	140.755031
141.000000	141.056494
141.300000	141.34073
141.600000	141.648983
141.900000	141.957324
142.200000	142.247307
142.500000	142.546912
142.800000	142.857324
143.100000	143.155568
143.400000	143.4453
143.700000	143.755501
144.000000	144.058799
144.300000	144.342641
144.600000	144.651549
144.900000	144.958767
145.200000	145.245744
145.500000	145.547763
145.800000	145.856899
146.100000	146.1561
146.400000	146.446741
146.700000	146.753927
147.000000	147.058506
147.300000	147.344502
147.600000	147.650915
147.900000	147.958519
148.200000	148.246319
148.500000	148.548206
148.800000	148.85742
149.100000	149.154431
149.400000	149.447533
149.700000	149.754248
150.000000	150.059027
150.300000	150.3463
150.600000	150.65133
150.900000	150.959187
151.200000	151.248104
151.500000	151.549525
151.800000	151.857273
152.100000	152.15393
152.400000	152.44803
152.700000	152.754045
